% velocity	steering angle
-1.1991 0.0918264
 0.592152 -0.104139
 0.0796814 -0.060801
 0.864135 0.00202706
 -2.09588 0.0702873
 3.32091 0.0079949
 4.18801 -0.0792621
 2.80072 0.0150549
 6.00344 0.0426071
 7.76235 0.0947058
 13.9505 0.0554307
 10.1416 0.136473
 8.3724 0.141273
 13.3998 0.179017
 9.77896 0.0158702
 13.6742 0.164957
 8.76285 0.00592128
 14.887 0.0977244
 10.3015 -0.042215
 7.41028 -0.20252
 11.2323 0.0373897
 11.7632 0.360256
 12.3069 0.222508
 12.2615 0.0868362
 11.4423 0.15335
 8.07525 0.194603
 11.5288 0.223658
 7.90122 0.0553929
 15.1817 0.166399
 10.2466 0.115337
 15.7038 0.198431
 10.541 0.207584
 11.7626 0.393841
 13.3291 0.277682
 12.0639 0.361576
 12.2705 0.496326
 12.5057 0.574275
 12.1049 0.543564
 10.9503 0.51601
 8.10337 0.769687
 15.0004 0.794727
 11.0909 0.795915
 11.6301 0.788252
 11.7087 0.750009
 12.8203 0.506986
 13.1172 0.64266
 12.3399 0.62873
 15.6521 0.742887
 10.1557 0.755779
 12.6966 0.781024
 10.322 0.633607
 9.88178 0.64162
 13.7169 0.85589
 14.6484 0.623348
 10.6672 0.679261
 10.9803 0.796938
 10.6862 0.732611
 11.6188 0.755805
 11.3193 0.749136
 10.3022 0.630315
 11.1157 0.68807
 14.1051 0.72028
 12.3692 0.729612
 9.46426 0.687308
 13.211 0.659621
 10.6074 0.750436
 11.008 0.688818
 11.3313 0.780573
 14.0213 0.675098
 9.59824 0.737409
 11.3412 0.825996
 13.4935 0.624044
 10.9239 0.629132
 13.876 0.598097
 13.6078 0.574805
 10.3583 0.7299
 9.71412 0.799013
 14.0194 0.627087
 11.5838 0.710429
 12.4324 0.566528
 8.88552 0.699467
 11.8955 0.485846
 11.2646 0.684456
 11.1384 0.726904
 12.6255 0.77709
 12.0123 0.743085
 11.0543 0.55519
 13.4125 0.610014
 12.1129 0.888063
 15.2864 0.794995
 10.093 0.57321
 12.5685 0.587956
 13.6688 0.385128
 12.0091 0.335051
 15.4973 0.0691666
 10.0435 -0.0385252
 13.4486 0.0255581
 12.5632 0.0545266
 11.2246 -0.100298
 10.1519 -0.142502
 11.7309 -0.147714
 12.2416 -0.209454
 6.88108 -0.21631
 11.1039 -0.348337
 10.0614 -0.409013
 10.5817 -0.345629
 12.5094 -0.359647
 13.8997 -0.272209
 8.98492 -0.406698
 12.0259 -0.473988
 12.6388 -0.615805
 12.7136 -0.455344
 9.4465 -0.459066
 12.6443 -0.666073
 13.1489 -0.680694
 15.9636 -0.607023
 8.35681 -0.61972
 12.0107 -0.799743
 8.43346 -0.618082
 10.3258 -0.649092
 13.1846 -0.675804
 13.7923 -0.637844
 9.16505 -0.632576
 14.1883 -0.794334
 12.7242 -0.786976
 10.5691 -0.680873
 13.4039 -0.687111
 11.3019 -0.740441
 12.7728 -0.684585
 12.2447 -0.788245
 13.5861 -0.527823
 14.3904 -0.715182
 9.22185 -0.754448
 11.8189 -0.619793
 10.9041 -0.663198
 12.2397 -0.705633
 13.0098 -0.79167
 11.9244 -0.729808
 9.8362 -0.440837
 13.3455 -0.500746
 14.3435 -0.334486
 14.5131 -0.446783
 12.7224 -0.658069
 11.5886 -0.639812
 10.7619 -0.468448
 15.4756 -0.744067
 9.61921 -0.500012
 16.8241 -0.710462
 11.953 -0.533039
 15.0166 -0.497842
 10.744 -0.6496
 10.5155 -0.408867
 13.4264 -0.552107
 8.76756 -0.406527
 11.0228 -0.47174
 13.2744 -0.438897
 11.9092 -0.343724
 12.1499 -0.446722
 12.0169 -0.658145
 10.4812 -0.556659
 13.0885 -0.604916
 12.0844 -0.584029
 11.1121 -0.717616
 11.9455 -0.567754
 14.9284 -0.706121
 9.40503 -0.643709
 14.4479 -0.788241
 9.57991 -0.688557
 12.0392 -0.679638
 10.2483 -0.653257
 11.7843 -0.731981
 14.9867 -0.471475
 12.4123 -0.696449
 11.1031 -0.758618
 8.59576 -0.711745
 12.7668 -0.756876
 11.9736 -0.721929
 11.0338 -0.645194
 6.72804 -0.61265
 14.9398 -0.735526
 13.9219 -0.751108
 11.0003 -0.764143
 10.6882 -0.859866
 12.3638 -0.519574
 11.728 -0.69446
 13.9724 -0.607154
 10.8012 -0.755334
 14.9775 -0.67622
 10.8907 -0.548058
 13.9955 -0.645
 12.8399 -0.762092
 12.2364 -0.674312
 12.351 -0.719655
 13.3286 -0.643336
 11.3871 -0.438043
 9.80237 -0.569693
 11.5304 -0.477291
 11.3716 -0.470424
 12.7593 -0.544026
 11.737 -0.291728
 11.2051 -0.297262
 11.11 -0.162589
 10.8224 -0.362897
 10.9619 -0.262337
 9.72046 -0.295872
 8.59441 -0.321083
 10.6688 -0.196144
 11.1104 -0.328602
 11.7093 -0.404478
 10.1976 -0.410349
 14.1659 -0.375402
 12.9132 -0.336056
 12.7263 -0.382695
 11.9442 -0.321774
 12.0846 -0.348948
 9.81116 -0.270605
 13.5649 -0.509516
 13.9446 -0.313331
 13.2676 -0.486174
 12.0254 -0.288127
 8.18936 -0.449983
 12.9991 -0.380082
 12.4766 -0.42013
 13.584 -0.467174
 10.9463 -0.354747
 13.4924 -0.333385
 13.0461 -0.358774
 18.0836 -0.426347
 10.7464 -0.300195
 11.7013 -0.310766
 14.6786 -0.22861
 10.6774 -0.384839
 12.731 -0.0926161
 12.9465 -0.0704855
 15.692 -0.239877
 13.9908 0.00688289
 14.6969 0.0486617
 12.6132 -0.0438748
 13.83 0.0127624
 11.7322 0.0613835
 15.4787 -0.0678733
 14.7997 -0.0892144
 11.1168 -0.0696434
 12.3981 0.152946
 14.2042 0.181214
 11.503 0.137637
 12.2806 0.0137185
 13.0738 0.0733928
 9.69489 0.178611
 12.0425 0.121392
 12.9748 0.255746
 12.8418 0.226042
 11.4405 0.338061
 12.1831 0.243313
 12.8564 0.250204
 12.4237 0.365151
 14.1821 0.253226
 10.9959 0.434136
 13.7961 0.405872
 13.1648 0.616966
 13.834 0.584722
 11.4393 0.425002
 11.4348 0.554646
 9.00511 0.562321
 11.5351 0.567962
 9.36809 0.491954
 9.46247 0.461229
 8.34097 0.670782
 9.51101 0.378732
 12.6374 0.500253
 15.4737 0.532356
 14.8467 0.798257
 12.1385 0.48428
 14.8949 0.56915
 10.0627 0.671013
 14.0199 0.499103
 13.5544 0.483603
 12.2281 0.382903
 13.7527 0.516523
 14.4701 0.562636
 11.6107 0.46493
 14.1465 0.429035
 10.6038 0.55959
 13.642 0.482302
 11.0466 0.349066
 12.1824 0.398347
 12.8717 0.421571
 14.0489 0.395423
 10.7571 0.445993
 14.0573 0.443177
 11.1301 0.2846
 11.5012 0.449872
 12.0718 0.420093
 11.32 0.410083
 12.0962 0.436201
 9.66988 0.487637
 12.868 0.322269
 8.98881 0.385042
 13.3743 0.317917
 11.8707 0.427242
 11.7619 0.393965
 14.0066 0.492561
 13.6693 0.380862
 10.3579 0.211559
 12.8003 0.438657
 13.3764 0.392178
 11.8833 0.344269
 15.097 0.421953
 12.5608 0.369604
 12.0296 0.554562
 14.1236 0.29784
 15.1577 0.241295
 12.2421 0.351005
 11.9377 0.446997
 15.3777 0.466267
 11.5999 0.287762
 7.80463 0.41442
 13.5337 0.246145
 11.4217 0.378134
 12.4967 0.369392
 10.7914 0.321033
 15.8131 0.515397
 12.5717 0.366519
 10.877 0.355887
 12.6524 0.405015
 13.3764 0.434842
 9.55064 0.321871
 11.4199 0.520829
 12.6899 0.425829
 11.3418 0.399916
 13.7532 0.513438
 14.3974 0.27672
 13.7323 0.277911
 10.3786 0.178919
 11.8212 0.0843484
 9.9291 0.000478074
 11.6077 0.23231
 11.1772 0.177391
 14.1936 0.117185
 11.335 -0.00817458
 12.9672 0.0655661
 12.3245 0.108724
 11.0074 0.254835
 10.1379 0.221636
 11.7189 0.204289
 9.82368 -0.0346668
 11.0711 0.212896
 11.9728 0.405188
 10.8374 0.123826
 12.1886 0.216987
 12.0665 0.038564
 13.8415 0.341056
 11.0078 0.212373
 12.109 0.491956
 15.0718 0.344739
 11.882 0.487196
 9.58071 0.230102
 12.5686 0.478627
 14.1888 0.373464
 11.3718 0.323933
 9.44487 0.304269
 12.6985 0.497688
 12.7839 0.30594
 12.3712 0.426128
 10.9788 0.375833
 12.0337 0.316869
 9.92097 0.424312
 10.9105 0.309558
 11.4893 0.0904184
 13.0846 0.0320205
 11.9854 0.227736
 12.2496 0.24959
 12.7465 0.254566
 11.6849 0.263903
 12.4296 0.151222
 12.8724 0.233589
 11.5743 0.201347
 9.37233 0.243784
 10.0951 0.196917
 17.0584 0.356948
 16.8416 0.24697
 15.996 0.0396903
 17.3868 0.0810832
 14.4963 -0.03113
 14.7007 -0.14604
 14.3652 -0.0309357
 18.9683 -0.141022
 15.6071 -0.104685
 14.2684 -0.229107
 19.8094 -0.180151
 15.1348 -0.166728
 18.5611 -0.161855
 14.9428 -0.113545
 14.7662 -0.246007
 19.7756 -0.252751
 17.6107 -0.494951
 16.9116 -0.280721
 17.635 -0.197368
 17.2052 -0.416705
 14.8768 -0.458075
 12.2315 -0.468169
 15.9093 -0.362917
 15.8544 -0.313084
 15.308 -0.420367
 16.2848 -0.389961
 17.1184 -0.391049
 14.907 -0.605357
 17.3185 -0.558139
 15.4355 -0.581781
 15.0826 -0.439762
 16.978 -0.498367
 18.0462 -0.585293
 18.5233 -0.465885
 14.8236 -0.429053
 13.5866 -0.479774
 15.0617 -0.484622
 16.5795 -0.731309
 18.0405 -0.631923
 14.8816 -0.589455
 13.2227 -0.584636
 17.6225 -0.575235
 15.6371 -0.690129
 15.0811 -0.669474
 19.8573 -0.831684
 16.1797 -0.717493
 15.6103 -0.535635
 17.898 -0.608458
 16.4563 -0.549807
 15.2361 -0.505967
 15.5743 -0.663405
 16.7513 -0.760028
 14.1156 -0.529931
 13.5577 -0.560922
 16.4607 -0.554361
 14.379 -0.518478
 15.2207 -0.477175
 14.84 -0.538893
 15.6504 -0.57603
 16.1471 -0.705905
 16.5809 -0.406312
 17.6269 -0.422692
 15.7121 -0.669608
 15.8699 -0.454247
 14.5689 -0.291571
 16.4574 -0.649687
 14.7122 -0.627411
 17.7 -0.579061
 16.6174 -0.685541
 15.0346 -0.567262
 12.8695 -0.490675
 18.3803 -0.365922
 16.7454 -0.395611
 14.0466 -0.674836
 15.8579 -0.560608
 16.6915 -0.426752
 16.8445 -0.798969
 16.236 -0.469089
 16.1153 -0.3542
 16.2384 -0.362139
 17.5051 -0.451583
 16.3114 -0.406462
 15.7468 -0.58388
 14.3382 -0.476039
 16.98 -0.613215
 17.2322 -0.230934
 18.5321 -0.381105
 14.1387 -0.449363
 17.6959 -0.357214
 15.8747 -0.425016
 16.8255 -0.345518
 16.6692 -0.35411
 15.4119 -0.252338
 15.6177 -0.338778
 14.4541 -0.240286
 17.436 -0.440888
 16.0932 -0.485366
 15.4049 -0.410056
 14.796 -0.498185
 15.0213 -0.422347
 13.6049 -0.271073
 13.9404 -0.399093
 15.1327 -0.341733
 16.4278 -0.396401
 14.7709 -0.282843
 14.7284 -0.335302
 16.9061 -0.263574
 17.5952 -0.306187
 17.8222 -0.302358
 17.6794 -0.303194
 16.0821 -0.326795
 14.0061 -0.312793
 14.521 -0.290267
 15.7248 -0.111811
 17.0643 -0.10441
 17.5331 -0.157382
 11.8854 0.0537462
 17.3871 0.0283085
 12.5133 -0.0239417
 15.6071 -0.0357013
 16.7303 -0.0390646
 18.0934 -0.126144
 14.0242 0.121757
 17.1556 0.132208
 14.9436 0.182794
 13.6069 0.230695
 19.2074 0.143321
 14.1233 0.157215
 17.5889 0.293034
 14.2709 0.140221
 16.7756 0.131527
 17.1836 0.174237
 15.7621 0.251159
 15.6803 0.203849
 16.2579 0.266739
 18.0954 0.274232
 20.9166 -0.09979
 15.1911 0.213111
 15.8339 0.212862
 15.4719 0.0443074
 15.0417 0.124127
 14.8244 0.213879
 16.0338 0.0824535
 20.3162 0.178501
 14.9013 0.344281
 18.1526 0.192772
 13.829 0.221589
 17.8686 0.352835
 17.8734 0.271912
 19.6893 0.403504
 16.6936 0.365234
 14.7691 0.342232
 15.0424 0.250634
 13.2185 0.386849
 15.7963 0.164969
 14.3359 0.0484814
 17.1842 0.0651064
 13.5692 0.213205
 10.6567 0.217345
 16.0705 -0.136277
 12.1178 -0.130851
 13.7854 -0.0960184
 12.9383 -0.190783
 17.809 -0.131384
 18.5025 -0.210399
 17.5346 -0.0470279
 13.9833 -0.339172
 17.7449 -0.0343044
 13.8623 -0.285228
 17.2257 -0.372328
 17.2329 -0.389271
 15.6421 -0.279545
 17.2167 -0.41396
 14.0254 -0.594749
 19.3661 -0.385897
 20.416 -0.541671
 14.2698 -0.555248
 15.3555 -0.544954
 19.0913 -0.555607
 15.5933 -0.61492
 13.6115 -0.614391
 17.9048 -0.513083
 13.4833 -0.486268
 13.1259 -0.587404
 16.4952 -0.476602
 16.8457 -0.446612
 18.3385 -0.578588
 15.9529 -0.547706
 18.6813 -0.399999
 16.6674 -0.473882
 14.1171 -0.647267
 17.2992 -0.427728
 14.7902 -0.418127
 13.5168 -0.516668
 19.9685 -0.396344
 16.5335 -0.497955
 12.6477 -0.453114
 13.9116 -0.564144
 17.8071 -0.524863
 19.0232 -0.647022
 18.5198 -0.604759
 20.0824 -0.498592
 15.7081 -0.470455
 12.3688 -0.7388
 17.8027 -0.687943
 16.3588 -0.69926
 13.5576 -0.686216
 14.8375 -0.620602
 15.7517 -0.645203
 13.1334 -0.779257
 16.6883 -0.747005
 14.8908 -0.697332
 20.1591 -0.700703
 14.7525 -0.79387
 15.7651 -0.6503
 15.9189 -0.632224
 17.0774 -0.633161
 19.521 -0.632571
 14.8662 -0.720932
 11.1051 -0.670277
 17.5898 -0.416871
 15.9929 -0.577861
 14.9621 -0.358287
 16.5196 -0.276277
 18.0034 -0.37255
 14.4695 -0.152981
 15.0672 -0.468341
 14.2727 -0.305385
 17.4363 -0.430412
 17.2954 -0.32397
 17.2998 -0.241749
 16.1766 -0.230524
 16.341 -0.426438
 16.3669 -0.597062
 13.3721 -0.332258
 16.1739 -0.235151
 13.3749 -0.301577
 18.2626 -0.282398
 18.5706 -0.238254
 16.0378 -0.18533
 17.4634 -0.0218814
 16.1916 -0.143463
 15.0432 0.231633
 16.0427 0.268056
 16.8871 0.193019
 14.9281 0.328646
 15.5528 0.494593
 11.4807 0.420504
 13.7654 0.426273
 17.8091 0.28221
 22.3471 0.308978
 16.6054 0.415775
 14.6725 0.507227
 18.2272 0.545395
 15.4261 0.284266
 17.0497 0.469486
 18.0849 0.375534
 16.005 0.311625
 15.9668 0.411941
 16.1553 0.391864
 14.356 0.209122
 15.2266 0.466895
 18.155 0.360155
 16.7989 0.241982
 15.719 0.123584
 15.8507 0.288419
 17.3784 0.240403
 14.8983 0.285157
 14.391 0.0924814
 15.5876 0.0412794
 15.5102 0.150477
 12.0852 0.135166
 18.3184 0.0999571
 19.1533 0.0918012
 15.3408 0.151275
 16.6896 0.0963493
 15.4004 0.158332
 17.8345 0.019777
 17.6123 0.155596
 17.8097 0.148359
 15.0542 0.0161884
 20.8119 0.110085
 19.6987 0.179569
 15.7365 0.24322
 15.639 -0.0290779
 14.5285 0.122885
 15.2951 -0.207442
 17.0917 -0.0060679
 14.0393 0.0410471
 15.6059 -0.148947
 15.4341 -0.0287733
 15.374 -0.0807623
 17.4361 0.0219304
 14.8921 0.0714411
 15.0039 -0.0555862
 16.6247 -0.193926
 14.3227 -0.113594
 15.6527 0.0405497
 15.1091 -0.139138
 16.2595 0.0132736
 14.3102 -0.123127
 18.2909 -0.0559976
 16.1194 -0.0252069
 16.2366 0.0338566
 15.0272 -0.0957923
 16.7749 0.337906
 15.3225 0.132545
 17.2481 0.385598
 12.0598 0.36628
 14.8982 0.326325
 14.639 0.372581
 12.9022 0.375828
 16.1969 0.400424
 15.4233 0.455321
 15.0322 0.229681
 17.4368 0.312947
 10.8389 0.641062
 15.0316 0.410178
 18.424 0.422855
 14.8146 0.656368
 15.4859 0.536123
 15.231 0.549023
 13.9988 0.849447
 15.6229 0.72188
 17.6256 0.580987
 15.7254 0.689805
 16.5786 0.748695
 15.0863 0.657569
 13.1091 0.625912
 19.113 0.566132
 17.2317 0.388576
 14.3424 0.405156
 17.7221 0.484566
 15.9257 0.521921
 13.5944 0.566484
 15.9551 0.377215
 18.247 0.317991
 18.819 0.135267
 16.8047 0.189291
 13.7599 0.163636
 16.6341 0.251207
 15.4833 0.342197
 13.0393 0.297529
 20.0759 0.231345
 17.5024 0.29205
 17.8523 0.400823
 17.8565 0.397659
 12.9059 0.307924
 15.7901 0.36925
 15.1312 0.289526
 14.9751 0.258921
 15.4221 0.136506
 17.5817 0.292823
 12.9976 0.512152
 17.0145 0.47821
 17.8074 0.259522
 15.5418 0.328326
 15.9221 0.217366
 17.4943 0.186029
 18.4564 0.2135
 15.2508 0.0774258
 14.3246 -0.0222163
 15.9637 0.169908
 15.1817 0.256991
 18.6456 0.0891417
 15.8743 0.133396
 15.7428 0.177539
 16.9042 0.153622
 16.8602 0.147409
 15.5405 0.0580398
 17.2276 0.177108
 14.8253 0.175201
 13.3302 0.026888
 16.4245 -0.0384412
 14.0516 -0.0398864
 12.2313 -0.142672
 13.8713 0.0191023
 17.1537 0.0775225
 16.4913 -0.0839618
 13.5636 -0.0224307
 12.9329 -0.0160585
 14.7373 0.0505779
 15.5902 -0.0319392
 15.0404 0.102969
 17.3967 0.0874923
 15.6436 -0.0367709
 12.5801 -0.170554
 16.6136 -0.0356525
 14.0896 0.0389691
 15.2239 0.00472717
 14.4538 0.0637547
 12.5502 -0.00759294
 14.02 0.059857
 16.2327 0.111388
 17.0513 -0.0540463
 15.8231 0.0377079
 16.8975 -0.109576
 17.5002 0.143854
 17.0972 0.0497874
 11.0256 -0.0184874
 13.226 0.0482114
 14.4339 -0.0349111
 14.2494 0.0575865
 14.0902 0.0593151
 17.0326 -0.0333425
 16.8512 -0.144917
 19.9459 -0.0016894
 13.9879 0.0464589
 16.7075 0.0168031
 17.754 -0.0620929
 18.3678 -0.00580715
 15.4553 -0.000369211
 13.2357 -0.0391032
 14.9001 -0.129321
 16.0755 0.0526641
 14.0722 -0.0647742
 17.6694 0.00030274
 15.1051 -0.0492199
 14.058 0.0870031
 14.1986 0.0797172
 17.0146 -0.0447711
 15.8606 -0.00450984
 15.2141 0.0859775
 18.0406 0.141596
 16.1797 0.234564
 17.985 0.0985005
 13.1138 0.0847895
 20.4454 0.157097
 14.2052 0.139054
 16.9772 0.237624
 13.7028 0.223075
 14.9702 0.32954
 16.2722 0.156704
 15.8786 0.218583
 16.3593 0.226271
 15.2218 0.256193
 19.148 0.198425
 15.2689 0.0834064
 15.5252 0.262503
 16.1225 0.256551
 14.0008 -0.0308164
 18.8039 0.259175
 15.0876 0.234331
 17.3713 0.360642
 19.594 0.190659
 15.9955 0.191416
 12.7794 0.299474
 14.2612 0.239839
 17.847 0.227583
 14.6104 0.113254
 12.6387 0.234938
 16.0574 0.157992
 16.623 0.116623
 13.5104 0.1998
 15.8702 0.00153837
 13.2351 0.217038
 15.5491 0.375063
 16.2988 0.532917
 16.9045 0.36683
 14.6173 0.320467
 19.0568 0.369489
 12.2873 0.395745
 15.6517 0.339999
 14.8092 0.292391
 14.9507 0.387031
 16.4693 0.29916
 15.3522 0.146189
 13.7041 0.46567
 16.7423 0.585672
 15.5471 0.451364
 16.2216 0.623117
 15.5074 0.517066
 15.8837 0.614136
 17.7023 0.407051
 14.4488 0.601398
 17.7784 0.508127
 14.6924 0.44636
 18.3789 0.537892
 16.1699 0.256231
 18.1344 0.249787
 19.1556 0.182843
 18.1932 0.152547
 19.1598 0.327706
 17.1794 0.360213
 17.6705 0.161376
 18.5088 0.105594
 15.2761 0.253735
 17.8307 0.0728602
 16.7062 0.00434061
 17.1358 0.0303935
 15.144 0.265849
 16.1156 0.177804
 18.2786 0.0860335
 15.3847 0.289452
 15.9765 0.0396074
 15.459 0.131567
 14.9587 0.123352
 18.6143 -0.129342
 19.2105 -0.0258722
 16.3348 -0.0513267
 14.7376 0.0540827
 15.6896 -0.156722
 16.1551 -0.0331335
 18.2218 0.240759
 17.183 0.0421405
 16.0177 0.0728546
 15.2402 0.020764
 10.6596 0.0320544
 15.3231 -0.103525
 14.6679 0.0297088
 11.1875 -0.185424
 19.1347 -0.0456164
 14.9621 -0.165037
 16.7626 0.16151
 12.5548 0.0634534
 17.0766 -0.099684
 15.9152 0.0463398
 20.2941 -0.0638662
 14.6485 0.1215
 14.8314 -0.125703
 17.4648 -0.00680005
 16.1552 0.19968
 14.5049 0.0356212
 12.1479 0.0890052
 18.8194 0.0039382
 15.1706 0.0629819
 15.5909 0.0679898
 13.7007 -0.110004
 12.6744 0.00719525
 15.8898 0.0149888
 17.0167 0.0536807
 15.0013 0.0219252
 16.1414 -0.0192795
 17.6609 0.052784
 16.2356 -0.273247
 14.3448 -0.0493709
 18.2715 0.0257813
 17.2115 -0.0240642
 19.4237 0.289104
 15.3154 0.238664
 15.7733 0.239375
 14.3775 0.288112
 16.9626 0.320975
 11.4336 0.362338
 16.3223 0.365511
 15.8756 0.486384
 14.1566 0.285633
 14.3712 0.387904
 14.688 0.446327
 18.0248 0.348008
 18.5907 0.452855
 16.5528 0.378298
 19.2376 0.571334
 16.8448 0.271927
 12.6419 0.324742
 15.0604 0.371035
 15.1026 0.277355
 16.0026 0.337614
 14.0423 0.4303
 16.1752 0.315305
 14.3921 0.325244
 15.8364 0.330882
 14.4178 0.398905
 14.6763 0.115206
 16.3217 0.196786
 19.0786 0.169416
 15.8028 0.174648
 18.6717 0.12665
 17.9204 0.085413
 11.5993 -0.0549187
 18.0025 0.183498
 15.4781 0.0793263
 18.4893 0.0773408
 16.072 0.0423577
 15.6301 -0.113113
 13.5325 -0.0889601
 20.6458 -0.00678292
 18.1157 0.0501606
 15.7479 -0.00977043
 17.2672 0.0104441
 15.4554 -0.0590008
 14.2408 0.290287
 16.8265 0.187385
 19.408 0.0862241
 17.1724 0.237872
 13.5953 0.23849
 18.3201 0.11319
 16.2583 0.120813
 14.6144 0.179521
 16.8299 0.16945
 20.4337 0.15025
 19.1543 0.0389234
 18.5003 0.098802
 15.0457 0.212818
 17.5564 0.211446
 17.7874 0.3505
 15.4121 0.35983
 14.3633 0.397581
 15.2056 0.244114
 16.5032 0.312991
 19.5644 0.311851
 17.2859 0.460766
 11.9094 0.275797
 16.6127 0.435814
 16.6643 0.21048
 16.8818 0.476827
 12.9107 0.185713
 15.4916 0.517238
 17.7969 0.471186
 17.7544 0.38511
 16.3551 0.334213
 15.55 0.142342
 12.6259 0.255795
 17.8889 0.114172
 15.0387 0.136456
 16.742 0.0851167
 12.866 0.150447
 14.6618 0.219857
 15.4955 0.330943
 16.0705 0.27446
 16.0605 0.147466
 12.9337 0.214858
 15.1655 0.186898
 17.1729 0.274641
 15.8963 0.025892
 13.3432 0.1234
 16.0611 0.13621
 17.5486 0.278618
 16.7436 0.154197
 13.8717 0.230663
 13.2119 0.23388
 16.893 0.138827
 16.197 0.158759
 15.1216 0.0195781
 17.6231 -0.0101156
 15.3038 -0.012616
 15.326 0.0508112
 17.5542 0.085804
 14.1662 0.0873107
 15.3464 0.119193
 18.8152 -0.141099
 15.431 0.0766211
 16.0704 0.0309772
 13.1141 0.0185418
 18.1859 0.0574937
 17.3434 -0.137961
 16.897 -0.0338197
 17.1272 -0.0971061
 16.5971 -0.0759829
 15.26 0.173492
 13.463 -0.000991583
 14.1999 0.143468
 16.9755 -0.160783
 19.1733 -0.090513
 13.7901 0.057784
 18.5339 0.187538
 13.3276 0.0961632
 15.0549 0.073846
 18.9733 0.264089
 13.6586 0.130779
 10.5907 0.144398
 17.136 0.268584
 10.919 0.230273
 12.8502 0.0668078
 18.1797 0.276984
 15.1996 0.243097
 16.4799 0.108614
 18.7453 0.11063
 16.1397 0.217205
 17.1146 0.176119
 15.8967 0.112868
 13.496 0.226437
 15.3096 0.0605175
 17.8823 0.0776057
 18.7096 0.181989
 13.2369 0.235247
 15.3356 0.0727715
 11.6291 0.287419
 17.3426 0.0776832
 14.2223 0.209923
 12.016 0.306919
 22.2262 0.220746
 17.4495 0.0909486
 18.5686 0.330263
 16.5478 0.261913
 20.2967 0.128752
 15.6959 0.198745
 16.5743 0.168765
 15.8258 0.121839
 12.679 0.141482
 14.1978 0.243414
 15.1218 0.537915
 17.986 0.107901
 15.006 0.265595
 16.4255 0.26288
 15.361 0.351755
 13.9866 0.355772
 18.7494 0.268271
 17.135 0.346398
 19.1866 0.365374
 14.8052 0.488758
 17.2293 0.330253
 18.8164 0.499059
 14.9724 0.279279
 16.7568 0.246353
 14.7877 0.176625
 16.0525 0.400739
 15.3637 0.189711
 14.6572 0.357083
 19.636 0.290917
 16.9476 0.537205
 18.1271 0.518692
 13.1193 0.48095
 18.191 0.690091
 12.6783 0.524332
 15.0653 0.655279
 17.1027 0.245823
 17.1116 0.379431
 15.76 0.472913
 11.6916 0.392007
 12.6877 0.310935
 15.5744 0.380802
 15.6699 0.334644
 17.1949 0.21439
 18.3166 0.243756
 17.3811 0.42739
 15.6984 0.422066
 14.391 0.281569
 18.0187 0.309924
 16.9355 0.489287
 19.0083 0.347534
 19.5326 0.355736
 16.8412 0.338424
 16.2972 0.410477
 16.7769 0.37432
 14.133 0.208377
 14.4257 0.408294
 14.6172 0.311173
 14.3871 0.318302
 10.6809 0.405557
 16.1284 0.130187
 18.0498 0.269349
 16.2325 0.17071
 17.6396 0.206714
 12.5436 0.445538
 10.7757 0.448939
 12.8364 0.401629
 9.22858 0.379102
 9.40656 0.425986
 11.0627 0.331311
 5.61335 0.409074
 1.30913 0.216821
 1.52205 0.359205
 -1.36064 0.206817
 1.12009 0.165219
 