-2.67593185455, 0.177010013139
-2.28943695145, 0.0187330928094
-1.48836080699, -0.0451483460451
-0.47682247094, -0.107301701314
0.125659822687, 0.0268360530524
-0.240376546353, -0.133532869925
0.611907510541, -0.171248552027
8.15773436013, -0.102775752822
2.20474745765, -0.0244393335354
9.75501338197, 0.0504556215058
12.5432978409, 0.162999163491
9.44414111606, 0.0986971551044
5.8861907997, -0.111629398515
10.3582359182, 0.0955575131566
9.12789461539, 0.138596174453
12.2907118365, -0.0808530487731
11.007870186, -0.0727515581435
12.7876951885, 0.137038444293
13.1972028312, 0.0635061811511
12.6586677301, -0.0665379848736
14.275956649, -0.0134365946049
11.5202378903, 0.170153547334
9.13875532722, 0.151499923991
9.43778497325, 0.209357984869
9.39974903928, 0.209525413508
10.4335202412, 0.278548061208
10.2518420973, 0.0794629889789
13.5425049128, 0.191874857182
12.0545072773, 0.171402881708
11.4938382103, 0.331027212298
9.46931566347, -0.00403117851745
14.2900803618, 0.0367978862674
11.5973647747, 0.540032708894
12.1506926921, 0.281559769549
13.8125476309, 0.357023780947
9.69404015022, 0.61594534388
10.8843573821, 0.516719293209
11.7358494664, 0.538856361689
10.4143128381, 0.529195895698
11.920829816, 0.722550996565
10.1618743464, 0.794175095329
10.3939907908, 0.63327561475
9.39267323837, 0.770264453248
11.1370089681, 0.70211453775
8.56516635174, 0.636963625581
12.3872362881, 0.661217837456
13.3769576841, 0.829790256976
15.288786288, 0.616178601945
10.2378559569, 0.674755672656
9.94154185706, 0.689307248052
12.8831705784, 0.495493435409
11.5776715408, 0.635292200781
13.0408078839, 0.824766705833
12.2944191417, 0.747061173453
12.4891027468, 0.713090589789
12.2131410831, 0.638446244204
13.0375334937, 0.567085931465
10.3702472956, 0.719689109028
11.1564657157, 0.655965524172
10.3950480534, 0.75319011207
10.7523093008, 0.706654963818
13.1961734657, 0.730465391254
11.5576728456, 0.82084935586
9.71132167367, 0.746245941389
10.8767144118, 0.623921875078
13.0961997437, 0.669082254238
13.2298247853, 0.688364434114
10.4371243433, 0.827083306132
14.9545865408, 0.533407139183
17.1490056005, 0.619219052036
10.2422068909, 0.603673089146
15.0987443608, 0.816014508509
11.7410986761, 0.956802182041
10.3742367517, 0.787139987146
12.572788613, 0.762774624895
9.32822616507, 0.674995891949
10.2511922098, 0.681127590532
16.1699933153, 0.722606381681
12.3045186918, 0.634147057738
13.5736284533, 0.760068441624
12.092595979, 0.6372937274
12.3332959647, 0.781110470634
12.5408845881, 0.809280434413
8.43346434711, 0.709233965018
7.61060654595, 0.809253599606
11.0494499236, 0.833698332721
10.2101189281, 0.826747660295
14.5880209157, 0.755807348311
11.2498279066, 0.677800184343
10.3599511982, 0.688518663103
10.8899318496, 0.600998664288
14.5030985842, 0.528070364299
13.5797659736, 0.6133209014
13.5222617912, 0.422338707255
8.93949077807, 0.19806038919
14.0000191011, -0.116701384318
12.5139629379, -0.00768558331254
13.1051354132, -0.0506933887441
9.45512482725, -0.210881009107
16.0919614638, -0.294741762767
14.2222174588, -0.0595221618327
10.2081492446, -0.197914690454
9.10423951774, -0.233647965151
11.0872903276, -0.330782404187
14.7175133042, -0.41617305155
12.1636762546, -0.239169331407
13.4123462848, -0.227967264417
10.9049918874, -0.333825839044
13.2452280579, -0.583998591773
12.3357474199, -0.541647412543
9.85603329381, -0.444866780093
9.79241459104, -0.645129032496
9.66613485706, -0.577130207343
14.0715724686, -0.731334979868
12.6563842978, -0.74799722054
9.69286638764, -0.688370399744
13.8916056632, -0.656440008482
14.1250277336, -0.73677812518
11.3400372212, -0.715832339287
12.3134584215, -0.704109541766
11.4560746286, -0.724520079605
11.8016830521, -0.57568719284
14.4014025893, -0.763795801532
14.3732605061, -0.759492224994
11.8180771204, -0.786418171596
12.8780350497, -0.790604667263
8.83475989969, -0.808969679594
12.6698636873, -0.687239115207
11.3016604691, -0.775920445439
14.3848439175, -0.697571429435
14.2487452473, -0.725596851367
12.8591668536, -0.525350121832
15.6494068418, -0.692671853499
11.997522944, -0.74393099985
14.4402617094, -0.900722541641
12.333317025, -0.738918650298
10.0428472821, -0.737323976781
11.5623880333, -0.730081089348
13.8030963548, -0.405798034619
11.292546426, -0.667539198452
11.8794495322, -0.467227840193
11.9505741594, -0.466429206805
13.1054151921, -0.350540006993
9.58869906365, -0.402466618318
10.75562235, -0.542585297365
15.9939020296, -0.493934290483
7.3216459998, -0.381426047581
15.5819192597, -0.440210946363
15.3264786672, -0.664390274207
11.2844972561, -0.690955624681
9.0147508705, -0.601497007039
9.80825892921, -0.340275104478
7.9509691507, -0.423155582552
9.79136566657, -0.570886932876
11.4582003222, -0.538335700403
10.1235217887, -0.489945189967
14.2219302138, -0.50475206185
9.88690991048, -0.652593774718
13.5220770995, -0.655483830559
11.06377017, -0.457016577195
13.2230510435, -0.49747823248
15.2864113394, -0.840542952561
12.1715011868, -0.593592921136
10.3419768295, -0.674225298427
11.7603378703, -0.605453236236
8.3751484078, -0.747540218865
8.82445089927, -0.711599254921
8.9421452228, -0.774934523624
12.8300329357, -0.499028234693
14.7442780972, -0.747177897394
13.0747922193, -0.763448760141
12.7856284772, -0.561982775851
14.5289990238, -0.643855193003
16.1382237221, -0.590450923816
11.7376506836, -0.804635255021
11.7794294591, -0.660340679634
13.90296774, -0.619255292369
12.2608922308, -0.760166403718
12.3460251174, -0.472545179279
8.38144244431, -0.742096514826
11.0833092783, -0.826609583091
14.567371465, -0.68413285928
13.8176644461, -0.678030666392
12.0245507577, -0.672547453836
14.1759837209, -0.683949204999
12.6198246396, -0.731525193467
11.2274908041, -0.522595199161
9.6589131989, -0.742295062007
11.2135273891, -0.601747729992
9.35436960417, -0.777951740416
13.7361204827, -0.593944580017
14.6265850175, -0.698322753107
13.6059741452, -0.822712861284
9.84719845503, -0.598183869836
13.2363014101, -0.605785660305
9.66537209953, -0.466830915975
12.535108266, -0.575122088299
15.4416324389, -0.502965954391
13.5818013382, -0.548445353231
15.8084472699, -0.36929243431
10.3903055533, -0.362950829364
13.4125238916, -0.500636454267
12.1558939855, -0.393387708115
9.56666663963, -0.362762506759
11.7205397405, -0.280894078816
7.99768723478, -0.317391408286
13.5741901297, -0.412012254165
11.5083081901, -0.312013675603
12.6799721843, -0.36050055797
12.6987114044, -0.193263492728
14.073946718, -0.3870551451
12.9203707859, -0.291441285157
12.4819285037, -0.406123927963
12.2540908249, -0.34521915024
15.3866175126, -0.36088511635
12.6242065726, -0.318713012529
10.9641687358, -0.505356041857
11.2972397611, -0.499470758152
14.8853338755, -0.451580541163
9.70970359847, -0.41408269651
7.62574976447, -0.529209825187
13.0789262748, -0.431079757433
12.4265784131, -0.331843103612
11.860933892, -0.369545229427
10.1431402316, -0.402698935083
12.2243553946, -0.495997914137
13.0408322486, -0.358794942181
11.7028895982, -0.327971504656
12.3070191495, -0.430273155965
12.9682518594, -0.343841854988
10.8892765877, -0.518394238975
13.2515274347, -0.486459569314
13.385284144, -0.24337618564
9.96759240036, -0.144212701132
11.4661644969, -0.153925592441
12.6973666575, -0.0655057481991
13.1989299464, 0.077798351546
12.1037029467, 0.0526646626733
7.92157077952, 0.0302053735498
9.19158500026, -0.0893277622604
12.6305474263, -0.0761420681121
13.1092192624, 0.028330750496
13.0045308249, -0.0829629041935
9.72511087307, 0.147325017712
8.66185876229, 0.163198503778
10.088158569, 0.100869752399
13.7542007396, 0.206178116235
12.755111468, 0.185196429798
11.3780028325, 0.137389617444
11.5425979397, 0.111358631592
10.9989320244, 0.31601507753
17.672690473, 0.240434424769
12.1274487143, 0.360394681351
11.2679549184, 0.331596979602
12.7903483686, 0.461439151939
14.4645135296, 0.336675448902
7.5452988716, 0.251936044495
12.7447204876, 0.355634258125
12.8331057114, 0.715161896708
9.35868981291, 0.508790953131
8.74744227501, 0.68214123849
14.172985619, 0.489088000641
14.5929278136, 0.519445184929
12.5703045211, 0.564273479297
11.0158649049, 0.465612222662
14.0102435911, 0.550196410014
8.88583417377, 0.520708977531
11.5377866037, 0.511778571091
13.1130006703, 0.41405048096
10.7629361097, 0.555640300222
13.8255040792, 0.478341232847
12.997412122, 0.462160547725
10.9162997365, 0.54796612025
12.5548067968, 0.567538799004
13.1078389851, 0.430076254971
13.4025954232, 0.603399867933
9.79759764424, 0.57222562426
11.4805766096, 0.519190149632
14.1038632771, 0.536252271809
12.7297940224, 0.720094751727
13.2316017175, 0.539825156186
10.96519642, 0.458531846347
11.5442000369, 0.489846082515
10.3789893148, 0.513868418745
11.4607742061, 0.387242020429
11.3374487175, 0.454404359424
13.0722642334, 0.510156315924
14.5390090785, 0.370232147816
10.5326660965, 0.330092905301
13.1068123011, 0.365725925134
12.5944555093, 0.476209503782
10.9342649227, 0.26497934569
11.0632190497, 0.243027435351
9.43705587748, 0.375344749526
9.74234404293, 0.373381958157
14.2032841282, 0.363107871926
10.4349241497, 0.294470124276
9.1867065092, 0.440513381941
12.3138446716, 0.35850598791
12.43519668, 0.189831728761
11.111668415, 0.432509470785
11.0684396541, 0.182893043205
11.6221612321, 0.509460903173
12.7500666693, 0.401655657716
10.4139207798, 0.346053542407
12.9414528912, 0.299014547899
8.26511976386, 0.393359365714
12.0029598862, 0.339473612375
10.3836696206, 0.297567471273
12.4511195159, 0.474011448009
10.0947355736, 0.0950301908239
11.035891523, 0.19275308633
11.9168764403, 0.44700645547
10.2912009232, 0.374849928937
11.4132377197, 0.372923227523
3.74159498596, 0.505066518535
15.4349288762, 0.429031159723
12.4331576276, 0.271973044092
16.0438632091, 0.416258417684
11.5381131442, 0.238412730644
10.2946970226, 0.359138035526
12.3439592952, 0.306262670191
15.3986253103, 0.34229984276
11.9208444234, 0.312936494084
14.0225160171, 0.456584597901
12.8841696675, 0.438221289381
11.5739350854, 0.434967679037
12.6452327777, 0.32086400511
12.9106529124, 0.312979952745
15.1639422503, 0.4391458366
12.0797500761, 0.198652607431
11.3959897951, 0.27399417329
12.6213734967, 0.40146913122
9.56163161671, 0.158567450386
10.6821073645, 0.0928857277627
9.41484555789, 0.274333665404
12.9933918259, 0.224562871303
12.9437961636, 0.0592984807523
14.5229103859, 0.107238652614
14.268348188, 0.105373997134
8.72204112813, 0.189738767283
14.4563868503, 0.252660277738
12.9077803995, 0.217194479575
11.3126952187, 0.139558708983
10.0668978641, 0.171473487529
10.9626798899, 0.173785085742
10.6870454915, 0.204612875046
9.41205555182, 0.109344520244
13.3423931232, 0.349852634123
14.303718388, 0.117224463817
16.3568369012, 0.240998414737
11.3832687473, 0.304750687319
8.74784137977, 0.421845723759
11.1469666752, 0.356408612971
8.62765335076, 0.148326306174
15.2290274924, 0.285154193485
9.40909203934, 0.320968159316
11.7636239146, 0.297794820291
12.990069721, 0.292589593554
12.750217113, 0.432291829451
13.9269486563, 0.375191446301
11.3135190777, 0.49042352422
14.0472398079, 0.272826947546
12.682507589, 0.234562586953
12.5754681649, 0.443234696266
13.842024555, 0.356937834425
11.8357672887, 0.315988434925
12.7111270974, 0.358483330965
14.5458914506, 0.229599860422
11.7936786998, 0.204326518245
10.0423800144, 0.298772021681
15.2527338138, 0.0570700068978
15.6981367203, 0.303030313589
16.054276599, 0.136027893628
13.653571306, 0.0459437966616
9.83127228055, 0.212863656279
9.75657923451, 0.11821711277
8.50162132389, 0.0809595604804
10.2062662018, 0.247138293857
16.7700991697, 0.321857552632
15.2430128819, 0.185879534379
15.2020235149, 0.104143169028
16.0948835748, 0.0405335617874
13.1002759328, -0.0190201714014
10.9337763131, -0.185865042987
16.8498110873, -0.146555879151
13.476592675, -0.200748504832
17.076290232, -0.195228109299
18.4678641089, -0.101424116926
15.2252323314, -0.123586718309
15.0729658422, -0.141278612689
18.607834421, 0.0362558210185
13.8836122159, -0.123243604147
16.3210454706, -0.417365968768
17.3475364094, -0.364655164419
13.9837769674, -0.385133780288
16.7873760984, -0.512001085707
15.4705443616, -0.291169105937
13.6828078577, -0.487308867503
17.2543926897, -0.353885888441
18.6939485898, -0.461805441823
15.7715891139, -0.394959637226
13.9491596725, -0.476760156228
13.9594512938, -0.484268408018
15.7116800455, -0.383920985061
15.9267566911, -0.495267462392
15.3859954348, -0.647772258395
14.3676275136, -0.50894960999
15.049692063, -0.688868558525
15.2551308933, -0.499991753869
15.3812604603, -0.520303972888
18.112500413, -0.623157280566
14.3963005672, -0.600061009933
19.6502545607, -0.681952728254
17.6651549093, -0.480985225094
19.860732272, -0.523902300648
17.3510503395, -0.753758818555
11.1540422739, -0.838107104263
15.9697565949, -0.850328131745
16.5431439516, -0.772743752367
21.5729383879, -0.759860045433
17.8459265698, -0.518634738769
17.7411471937, -0.735424643219
17.3049905167, -0.816437963317
12.7454148725, -0.659035240534
15.6012752673, -0.527110049543
13.3529996797, -0.546280912807
17.2031151983, -0.615599846236
13.1677080548, -0.535671306909
12.4024314045, -0.620657466304
17.6427024313, -0.385746749122
16.0804798591, -0.648803311258
16.2056915872, -0.319521757423
18.282797234, -0.54871720495
12.7300950456, -0.393578842806
16.6609722401, -0.552089635372
19.0280830079, -0.520885464049
18.3648542686, -0.635808335774
14.1367115462, -0.489392242359
13.9926211148, -0.443222202845
17.0538889096, -0.571015980903
15.4471807635, -0.673210375552
19.1805600346, -0.507281492196
15.8850772041, -0.596968048121
15.4057542876, -0.442463418852
15.3160588538, -0.565889278911
19.1813392058, -0.566856763466
12.7032896036, -0.532172615876
15.900165184, -0.496731502982
15.3307633749, -0.407647122739
16.4621276417, -0.477136415168
15.2715147286, -0.553693995992
15.8486638963, -0.52424024603
17.3318862879, -0.607520556871
17.9274049711, -0.437692440625
16.7880503632, -0.415575151444
15.7300544582, -0.62169740145
15.2532797013, -0.56048324282
17.2166618429, -0.447386473085
15.2259825513, -0.451849634585
14.3556216674, -0.358264073269
12.9515176916, -0.544379570878
12.9848890303, -0.45360796602
15.0840959129, -0.615977436147
19.9326104645, -0.349221119532
12.1430185972, -0.415033367303
19.2574742912, -0.325847823786
11.8337665894, -0.464303629438
11.9575667194, -0.477309297856
17.4479571342, -0.316664536516
17.1557720115, -0.429805335672
17.4981360586, -0.384016877384
17.3447332307, -0.437496490092
14.4812690421, -0.161457167608
15.6360387449, -0.430250018399
14.4686406605, -0.274065839144
15.2121570496, -0.385524913687
13.1982230862, -0.217033211535
13.8879807786, -0.362058852572
15.1606621627, -0.471992562684
14.5114220324, -0.391570128473
16.8388131537, -0.311004541413
18.6132587522, -0.284390708656
13.2226557304, -0.414888342623
16.744623633, -0.488669033184
17.3930134467, -0.356420641796
16.1527888338, -0.396089863843
15.0304710928, -0.439573397287
15.1489876392, -0.143892535193
18.945358648, -0.314768234983
17.8554041917, -0.274260772633
17.4147992425, -0.410359948632
16.170963029, -0.31857298292
12.3696552275, -0.327454859075
16.0952661419, -0.102954769477
15.1248267043, -0.0809002406801
17.4971256596, -0.0433676019003
18.7572664195, -0.0258251190744
15.2423870064, -0.000296128761578
16.0377016478, 0.0042604756238
12.7389269869, -0.0751153256199
15.5206074401, 0.166509313704
16.316694907, 0.3771573222
14.0590916503, 0.205851227979
14.7644691023, 0.201562419063
17.8584900701, 0.108634064192
17.663655668, -0.00772807098099
18.4355959734, 0.215903162844
16.4037726585, 0.211478009315
15.1523214067, 0.118586140905
17.0019373731, 0.310539492335
15.1660768743, 0.187739619542
13.4471535712, 0.219741586092
14.8878497432, 0.144309090427
16.5161482094, 0.0571449052793
13.8005034728, 0.284604039253
17.869739511, 0.168402025324
21.4698268012, 0.0964770945593
17.7067967946, 0.207556398417
17.3897567571, 0.176039831635
15.0285796304, 0.250829307702
18.7538363174, 0.19129216838
17.3546713907, 0.199111349211
17.2858016276, 0.31285512497
15.1784406256, 0.335056516454
19.2252891808, 0.331147430271
17.2308320696, 0.434891211127
18.1757010243, 0.39584670374
20.0241003219, 0.469886058285
19.5539707101, 0.456255242137
18.6909184613, 0.336402622369
15.9969921314, 0.579843802631
15.8155455565, 0.223165089905
12.9771120597, 0.327377522132
18.6278935997, 0.0803375249446
14.6932579428, 0.164392934182
18.1479344162, 0.104377484352
14.7439980822, 0.13817136539
21.4019287417, -0.111966451749
17.3536644571, -0.0169800088468
16.3222113085, -0.155275242888
17.2263089775, -0.244171533395
20.0174949076, -0.135200324304
17.6226481949, -0.0461092098289
14.6188129673, -0.243105817634
17.2737623483, -0.146601515554
15.1686924159, -0.0881016668367
13.8598290026, -0.367849820828
16.1108404442, -0.192401240923
12.7250472951, -0.401780454999
18.6530228239, -0.336428091735
15.0225793692, -0.357040627704
14.7082685973, -0.35373178755
16.2262650977, -0.507058795752
15.0120925854, -0.528463891465
15.4477109938, -0.66362677252
13.7622247582, -0.329409029733
15.4501113727, -0.616502238781
16.0163503804, -0.527399020459
12.5859148705, -0.400543697127
14.1461052187, -0.341532609686
15.0001510776, -0.566638462678
18.2263282634, -0.458227301991
20.3196763655, -0.518088292929
16.1352238901, -0.363141207687
17.8888072604, -0.454560332501
16.0960460955, -0.561223433637
19.640436676, -0.511549456956
11.1206019488, -0.636959618144
18.0304507997, -0.571619842358
16.831699081, -0.482897650606
16.3029508913, -0.485168910984
14.2211747373, -0.495991144645
17.9284427319, -0.323582875417
13.2315330901, -0.440222274268
16.0560882133, -0.55462700409
17.9285474044, -0.494496578573
17.240363436, -0.520938050173
16.2840164928, -0.51030864589
15.7438420586, -0.555984197729
15.8854876276, -0.570110018354
17.6527321353, -0.640735565878
10.9339941232, -0.816849205728
16.1754941, -0.691400384156
16.4274974077, -0.762736723785
19.2361463198, -0.716059226439
16.6800475724, -0.756470426998
14.6164214421, -0.504392759921
18.2218057495, -0.820120872849
14.6051400093, -0.854562666951
16.511297235, -0.710054859208
13.984510469, -0.713217224283
18.5479236458, -0.62270243521
15.5397341204, -0.741367387202
15.1971886034, -0.735483358411
14.7829861832, -0.625894176336
14.3187311928, -0.779529968286
20.6739589001, -0.774116751112
13.9526926835, -0.862390267948
12.9740362876, -0.63326695825
14.3713306338, -0.690197612502
17.4603616258, -0.526730878054
16.7931763691, -0.442964645062
16.3887047344, -0.349149452186
11.3037843632, -0.3179432064
12.014340433, -0.166502826673
11.9381129863, -0.364512194762
16.2375178202, -0.333205602128
14.0979891335, -0.313614527672
14.7787506148, -0.220960828711
15.569261448, -0.376027315682
15.2166341632, -0.205276689759
15.3921293648, -0.384716839981
8.96904261944, -0.347160040185
15.3386083888, -0.222217304167
17.5157294521, -0.362009555449
16.3371510103, -0.229434784373
17.1832014944, -0.0909190017589
10.2766351119, -0.130297689455
15.4111850048, 0.060710290844
17.100547382, -0.053637059837
13.442008427, 0.048449015576
18.2213444924, 0.303894971106
16.6925086725, 0.231968734946
17.0307243143, 0.382765002469
17.937190327, 0.279811937577
15.4847307037, 0.424056866291
16.0826568257, 0.352030901055
13.51308907, 0.30848584088
13.3499541463, 0.312714346145
16.4983730159, 0.124519843476
18.494472676, 0.331230121056
13.9713393201, 0.355392615265
12.6318614924, 0.216481017227
17.7750106479, 0.193495208308
14.6104627065, 0.28213345884
16.1873530917, 0.375008078349
20.6015927556, 0.273090343883
15.3522960147, 0.332588568021
14.4825808283, 0.26820264139
14.4211900192, 0.202585432519
15.2177045191, 0.488800154599
15.0987382407, 0.0693159632997
18.5977337498, 0.0484401361288
18.6286202147, 0.17523675242
15.0262653641, 0.0766716087729
17.6571658647, 0.190299601312
16.7655865902, 0.100419575337
15.235304809, 0.0885812681157
15.1349927754, 0.0800318524667
9.93816153428, 0.331332046395
14.3013479787, 0.118501485819
16.5982459934, 0.113364389131
17.1265319483, 0.130098609837
11.2020816849, 0.347986829219
13.2862254848, 0.0565122116472
13.8283805278, 0.10867971575
15.2069636897, 0.222034027302
17.1391409749, 0.174699483819
12.912004897, 0.0668161807057
13.0975674476, 0.242340354664
18.9037136027, 0.0739955156179
15.1313278949, 0.320434521782
14.87199419, -0.0294902315464
11.3940980677, -0.113865115255
19.19116389, 0.0382457021871
17.4283184992, -0.0942906281651
13.9826560402, -0.103348111907
17.0012232902, 0.0453078462451
12.0509843411, 0.0687608629881
18.4736024753, 0.19323218512
17.4550409814, -0.0398748491066
13.7712465213, 0.0973926706641
18.5735159535, -0.0782171645661
13.2067007317, -0.0562771356546
13.234050711, -0.134662211117
15.6157850213, -0.0538313912666
14.6129125265, -0.0733663665827
17.9629545589, 0.123762965618
15.4584380861, 0.184369431268
12.5806222527, -0.10312421744
14.5207418419, -0.0254846972474
15.0418431241, 0.0779569777729
15.3215743406, -0.137424880139
13.3082195834, 0.0572602658392
13.2214131955, 0.154612780768
16.4477652466, 0.292824594922
20.2770679235, 0.41419337203
14.9594773411, 0.335432362837
16.9593942928, 0.354937431427
18.259723517, 0.402686824567
17.0705267524, 0.351979407079
16.3016155304, 0.374029751439
18.0864606059, 0.33518144279
18.504493744, 0.260360594193
14.544093414, 0.505753975463
11.6358840009, 0.508543264685
17.1556233284, 0.469377763041
11.1764255996, 0.290914873617
14.9411226456, 0.506030390359
12.6093961162, 0.820353345491
15.894199747, 0.621979433585
17.2504387483, 0.701005309822
19.6414308614, 0.738022616081
17.1851008247, 0.712955951458
14.0262367494, 0.72217177988
16.1963243883, 0.704085972593
14.7377608277, 0.756446577787
14.388309636, 0.422706223736
12.5489794408, 0.408134202087
15.301921446, 0.435013671894
13.6740784459, 0.418771448933
17.0892935955, 0.403853953178
16.8803929208, 0.397910724084
18.5951467324, 0.247250645143
15.1821238085, 0.463169513053
15.3625406218, 0.325575023789
13.243074183, 0.2404786988
15.3130801914, 0.284627610334
16.8508801817, 0.244238889956
13.29848636, 0.40244743818
16.1631139832, 0.490780288484
16.0994301985, 0.381845224544
16.4188037682, 0.431114331563
16.5917590216, 0.365102845345
13.3713798079, 0.225394360586
15.0173636293, 0.347725516545
16.2142471064, 0.380546560089
13.2495134861, 0.461789306159
15.1494756471, 0.370471742575
13.6040555178, 0.353335041274
16.7795852626, 0.288277369001
14.1236572627, 0.538284049014
16.8560305723, 0.421979059204
16.4846535591, 0.275989358741
18.8845829935, 0.25773029734
16.2730444499, 0.138366604818
13.4561165303, 0.12540371051
20.230202635, 0.290229444971
10.9028595155, -0.00477932452812
13.1456020951, 0.0896159738332
16.3358698749, 0.114806904048
14.6318397761, 0.230600508134
15.6731489576, 0.235217122388
15.9968277421, 0.0927606214752
16.9724751541, 0.219987344176
15.3174653201, 0.0672379669924
18.4162048502, 0.216419305245
14.906200736, 0.155966318713
15.5375100391, 0.0655653282868
12.430019283, 0.112930396332
16.6583518133, -0.0254697321003
15.8102148924, -0.0859512313778
15.2398816831, 0.133953352397
11.6327463099, -0.192251675291
17.1006870622, -0.00739348418752
15.0652096689, 0.141208532163
15.9631938417, -0.0828826172842
17.2527375768, 0.0857791328956
14.7757531761, -0.118425678736
15.7905633519, 0.0480976621723
13.9561495738, 0.155877952612
15.6459628497, 0.106624295495
13.5463885739, -0.0456780489908
15.8900718681, 0.200726373461
16.5760526447, 0.0516423196452
16.4799599114, 0.0814256390788
20.2202475241, 0.0157055430378
12.6141786704, 0.0641594689139
16.5315305273, -0.0815882116154
17.9448434146, 0.0742044006758
11.9345087604, 0.0394408855326
11.977301886, 0.0651862189911
10.3493519761, 0.00204987315537
17.1811118026, 0.0142248472364
19.2944733151, 0.0115431046961
16.3596447018, -0.131301095587
16.2025570532, -0.106146357987
15.8927249217, 0.00643896422594
16.3537527723, -0.0646141381787
16.3635056218, -0.0441537341315
15.0294084876, 0.0859947423403
18.9916631265, -0.057290883944
16.1987338395, 0.0369642433922
17.9057537252, 0.0929935735444
15.6102253413, 0.0349695025246
15.2750558045, -0.153146419586
16.3448444026, -0.00916114064254
15.3114447354, 0.0445047134286
14.8041026863, -0.0983369080775
19.1925856118, 0.00564855010458
15.6312652985, -0.0126539591465
16.8738576348, 0.0938577838047
19.3859372607, 0.0394829837166
17.1359180975, -0.0241605339382
17.4254806904, -0.0255695604085
14.8190669017, -0.0636953858115
19.1517856368, 0.0240848395122
13.0939269552, -0.00907464258128
17.321121162, 0.00622894737296
19.1701048777, 0.0519149661762
14.9321734918, 0.178364452824
14.9193521468, 0.196514993265
17.9700923128, 0.049259480717
18.9015821456, 0.171101992626
13.259093502, 0.153739139745
14.94137031, 0.251580710795
14.3978902189, 0.176075518584
18.2031295841, 0.196044309392
17.3594667264, 0.124499762446
17.7219486883, 0.267833285657
17.4630021726, 0.243709237336
16.127805325, 0.20538199258
16.982861652, 0.180412314951
16.503375118, 0.189963193527
16.2749115118, 0.148157536475
15.6116097787, 0.0555429064558
16.2914532577, 0.233140157129
13.3110797543, 0.206534642637
17.8791989668, 0.127849424486
16.5867808437, 0.291781157451
17.675805682, 0.211628871804
12.6265907492, 0.303170505688
16.1671616115, 0.178307585356
13.7619194985, 0.199159514398
15.6030326118, 0.177510959746
16.522652376, 0.309679408231
19.0962301688, 0.0557546276549
17.1532501741, 0.0657169684599
16.625405977, 0.0733901828402
16.9307806817, 0.219606850795
17.2992246338, 0.245807017447
17.5611384959, 0.187155124723
13.6345831866, 0.259980330206
14.4794331673, 0.238202232348
18.2554976194, 0.257153123704
19.3544082844, 0.417974484401
15.2231048642, 0.505151286471
16.2844850665, 0.229300759653
16.5242531518, 0.298377337864
15.2637100895, 0.460679082243
15.6159422995, 0.263360605078
16.5650436113, 0.216116229428
16.2493622335, 0.42075434366
18.4688418998, 0.355307812558
18.9286624144, 0.33708383253
13.0781719632, 0.550811702462
17.7270436013, 0.515137356449
12.7547622678, 0.508167780689
15.195969844, 0.459763789748
15.2153787404, 0.386716262401
16.4622337454, 0.424252455252
16.5100355968, 0.534947092432
15.2994943846, 0.53350716842
14.6236413937, 0.502304605729
13.3684360092, 0.447201364413
16.0020023783, 0.555467986609
16.5775894374, 0.426209486329
14.5957443633, 0.301123940216
17.6309136623, 0.328698762431
15.2709103669, 0.200895075966
14.9668325636, 0.0275645062406
15.537028261, 0.30083324021
16.334969371, 0.287953895126
18.2481934402, 0.283238548988
14.2495329796, 0.0108914358267
14.7926197384, 0.311123179715
19.4528866125, 0.295416640041
16.6182555248, 0.22011868327
16.1092918624, 0.175134668121
16.3929791315, 0.202966141899
15.5121580858, 0.225168621525
18.3110057053, 0.282889253989
19.2321047505, 0.299859874784
14.7353878835, -0.211668766644
14.9834536379, -0.0393271223751
17.7285399935, -0.0971476266759
13.6670172416, -0.0387115902115
11.4936079516, -0.113172410767
11.9137702984, -0.11500127004
15.272497558, -0.0494945069971
14.64781718, -0.0620811110047
13.8740529218, -0.087553994894
13.8638113731, -0.0260447775219
16.3058302715, -0.0897947732903
12.8280382602, -0.0827992831831
15.6656511727, -0.0265971900185
17.0600934742, -0.026297808104
18.1881168187, 0.0359950430825
14.4730560784, -0.0748520032777
11.2255876315, 0.0582094573323
15.3588352692, -0.107144959857
13.3855995027, 0.0150047248282
12.503908662, -0.0535704370376
15.1267171351, -0.0149756880434
16.688204538, -0.0501259628199
14.0078433708, -7.44356819302e-05
19.9782270781, 0.172468674211
15.4303669817, 0.0243803338178
16.5354418395, -0.0917953107174
14.3309119767, 0.0599467915813
12.4680832438, 0.111284730804
17.2022005741, 0.137085850814
21.2916675837, -0.00713697334198
13.3393751034, 0.0657161229835
16.1604669599, -0.144060987837
16.3058257874, -0.0614099691426
13.879754706, 0.104208130378
17.5458145631, -0.212067031332
16.497230302, 0.0496131913961
17.0849762208, 0.0572998842413
17.0767405854, 0.188278051048
14.7993239799, 0.114662874034
15.0823068805, 0.0577784911106
15.5832762559, -0.0235032932441
18.9482079935, 0.0264463498161
17.2600159849, 0.0136818434044
16.8718333129, 0.195275307724
13.8428253692, 0.175494973439
14.8869207971, 0.197676549292
18.5005413012, 0.396293538972
18.0436639032, 0.467469702128
13.2371991469, 0.338306093905
19.4382284138, 0.402449567313
17.410201905, 0.375626181875
16.8967252515, 0.218501288967
19.3866115279, 0.382604325016
20.6338605995, 0.420958113262
17.7207805548, 0.376797914468
18.0264712674, 0.345589434172
14.9038884762, 0.32194702391
18.8766392762, 0.504720540622
13.3070882485, 0.378967362397
17.101404017, 0.365395756941
16.4550797592, 0.333182754636
13.7616895143, 0.477372964822
17.438982866, 0.392448499656
16.3015849045, 0.316043209979
19.2845476294, 0.270664781262
18.9513170977, 0.468944052101
17.1355882037, 0.255365635923
15.4489995915, 0.414160503338
14.1291175263, 0.0756037013145
16.961233949, 0.194524345266
15.5483975043, 0.218523790228
17.0664158835, 0.165299340212
18.248198464, 0.0451655387258
16.1452539473, -0.0309643217735
11.109684036, 0.0462987404328
15.7889309686, 0.143262436917
16.1671699122, 0.034834880304
10.7942720224, -0.0253656886587
14.7696151891, 0.141383687132
18.0051091662, -0.01964905691
16.9947364968, 0.0881362992701
13.7917952499, -0.0808818709943
15.1887559859, 0.0336065241486
14.9483228275, 0.0759327749915
18.8093486173, 0.148962532763
14.4099584777, -0.0480948854357
16.7088166328, 0.197958199265
15.6456144854, 0.233798770292
16.2699041863, 0.171104101167
17.1406036345, 0.107113785582
14.5641913985, 0.216934109891
14.3928325485, 0.321216119511
14.1969030117, 0.205264361388
14.707719389, 0.115201864087
18.6861742355, 0.300860590012
17.5350255755, 0.161514147012
13.5202715917, 0.231299998261
14.5514351186, 0.224912383907
20.2820718774, 0.147773918465
18.9985719563, 0.147560461672
16.9852682126, 0.282676065601
18.1401704994, 0.389538319549
16.0569581267, 0.416662472406
15.841471726, 0.317962086408
18.0802544726, 0.241701515042
17.4778189055, 0.245420187114
18.0125982697, 0.319826481778
16.7207938235, 0.28767362221
15.3815912051, 0.251745449707
16.1018380751, 0.262012464
15.1701189952, 0.410966358285
14.4998987266, 0.288071576954
17.3115025538, 0.341495305421
16.7606312976, 0.21150227332
20.0021257183, 0.170230042937
15.9882329954, 0.374702590694
15.3899665638, 0.38708674483
17.6804651207, 0.194947029899
15.6144624679, 0.000849410008742
15.9641082287, 0.198698930535
15.8652264404, 0.120612307675
17.2540382508, 0.152984103921
15.4487388952, 0.0523931342344
13.0799827711, 0.0350750958265
15.7746922538, 0.0655869310452
17.5128361696, 0.140321379893
17.2014246892, 0.289040751039
13.547313973, 0.184864928322
19.0295131019, 0.326824301906
15.805547995, 0.159509013008
14.2990952966, 0.0362988497537
17.1038101953, 0.229660572583
16.8921445201, 0.15816713965
11.5745327859, 0.0539936734055
17.1241530705, -0.0457755618976
12.6738645285, 0.258278104885
14.9278338381, 0.199703424001
16.2634958141, 0.254696712962
17.4755979216, -0.0183318925327
17.2310960153, -0.0307858103127
14.136261312, 0.0106301785354
14.393839352, -0.0600512563778
16.4517988032, -0.0402219944326
16.4208145175, 0.0923372040619
18.7124628297, -0.124649062522
13.9656878306, -0.0752416661709
12.8390024354, 0.0142968513044
16.6910249843, 0.0118891113724
18.1261360616, -0.0317232815874
15.7270405918, 0.00436557361426
17.278551367, 0.121636761813
14.9578869436, 0.107178635595
15.1361967649, -0.00360470739076
20.9183364717, 0.10979260289
13.075391812, -0.00294760214575
15.7538474731, 0.0433875245717
15.6060751404, 0.269786787412
19.4674854874, -0.165495188159
17.2353199419, -0.111671138762
14.3417340412, 0.00973752881642
17.8035496956, 0.199180408176
19.216419787, 0.177975979894
22.6910875669, 0.231855544033
16.7688024435, 0.0797818653433
11.2605194327, 0.283669692632
15.0708974672, 0.206213433362
17.0869752952, 0.163803542722
17.8569177037, 0.142612913647
16.5259365854, 0.164542369338
13.6264558657, 0.241467508288
15.0620585843, 0.148610704704
20.7006218398, 0.151934384781
15.3930541337, 0.194022958339
15.5339790111, 0.194489374204
19.3713800324, 0.188955538343
15.9276255034, 0.235085260787
21.5904890142, 0.167987564667
14.6625781031, 0.179605390155
12.3528095903, 0.112636606994
14.6067396839, 0.0530581410484
18.7242057322, 0.0712212576657
15.862100596, 0.243096707481
16.2515308947, 0.228479427644
20.1372032916, 0.144878899245
14.6131918697, 0.261659992015
16.0817292797, 0.272051917012
14.9820791683, 0.093564509677
16.5674135409, 0.117738900492
14.7017734251, 0.0547592828419
16.496598508, 0.132830069795
15.834429829, 0.0976476851585
14.5099099469, 0.253347799617
16.3668182601, 0.178580335462
13.8215191213, 0.210084829098
19.5222756497, 0.16070075957
16.6426787394, 0.394045384076
17.2124846779, 0.581232568362
15.163667358, 0.398237180428
20.2738907423, 0.236054400651
16.2629639721, 0.428357194172
16.6487363964, 0.307530285414
16.1595616283, 0.313711547498
15.8506631301, 0.216348483223
17.4400403088, 0.397282023457
14.7198618075, 0.259290573801
13.5427858989, 0.298666529227
20.5630244943, 0.500619602173
17.5118549487, 0.412851533254
17.9660937796, 0.206543901032
16.1568799619, 0.321106706098
19.1888960444, 0.231608512349
17.8898647523, 0.36415845193
21.6572899063, 0.282859002164
16.0469929232, 0.380934394315
14.6394278229, 0.365241846964
14.8925600779, 0.563112499677
14.5963859122, 0.517339499644
11.722370543, 0.514221736135
17.0542211652, 0.618191190562
13.2457529201, 0.730292769562
18.891999885, 0.447740376895
16.6414588661, 0.200426755392
14.3513207308, 0.332561626956
14.9855326252, 0.488831766678
13.3073371373, 0.316466947656
16.321956299, 0.467398531737
18.6187519941, 0.453367618774
20.4551988867, 0.343685154057
14.4245396974, 0.213017368485
17.0401552428, 0.397562306619
13.449014453, 0.317959117952
15.3632869045, 0.312789970541
16.7000842587, 0.185235160984
14.065914259, 0.258679931344
14.7831022944, 0.181809349126
15.987351034, 0.337007106944
18.7954571097, 0.381368035128
18.1251208998, 0.371271475346
12.7422236134, 0.211068834834
15.5720436879, 0.243024043835
14.5243396499, 0.256784272683
15.1086892369, 0.301957280188
15.0791268222, 0.434460654853
12.9470957337, 0.350494585575
11.9343425997, 0.401965211827
17.3115062067, 0.124604057365
12.8281653597, 0.338435830646
14.228129692, 0.249917470889
11.8075495528, 0.446715740712
9.42130507122, 0.321399049377
16.2031230207, 0.362492894279
4.19858879592, 0.356519379544
6.42662441251, 0.321063849616
9.34917053228, 0.210467798183
6.81685902558, 0.377482159543
3.11109409229, 0.336354125464
5.51139531409, 0.216882172342
2.12919625799, 0.23496887565
-0.0776568609754, 0.357844192333
1.70138857202, 0.285030737984
